function cmap = Blue3()
cmap = [ 0.80000000000000004, 1.0, 0.98431400000000002 
0.7684737254901961, 0.99384843137254908, 0.9797002745098039 
0.73694745098039216, 0.98769686274509805, 0.9750865490196079 
0.70542117647058822, 0.98154529411764702, 0.97047282352941178 
0.67389490196078439, 0.9753937254901961, 0.96585909803921566 
0.64236862745098045, 0.96924215686274517, 0.96124537254901954 
0.62952741176470595, 0.96262935294117646, 0.95709317647058822 
0.61876231372549018, 0.95596530065359475, 0.95299226143790849 
0.60799721568627452, 0.94930124836601304, 0.94889134640522876 
0.59723211764705886, 0.94263719607843133, 0.94479043137254903 
0.5864670196078432, 0.93597314379084973, 0.9406895163398693 
0.57570192156862743, 0.92930909150326801, 0.93658860130718957 
0.56493682352941177, 0.9226450392156863, 0.93248768627450984 
0.55532511764705883, 0.91633980392156866, 0.92887374509803922 
0.54917358823529416, 0.91111101960784313, 0.92672072549019613 
0.54302205882352939, 0.9058822352941176, 0.92456770588235293 
0.53687052941176472, 0.90065345098039218, 0.92241468627450984 
0.53071899999999994, 0.89542466666666665, 0.92026166666666664 
0.52456747058823527, 0.89019588235294111, 0.91810864705882356 
0.51841594117647061, 0.88496709803921569, 0.91595562745098036 
0.51226441176470583, 0.87973831372549016, 0.91380260784313727 
0.50611288235294116, 0.87450952941176463, 0.91164958823529418 
0.4999613529411765, 0.86928074509803921, 0.90949656862745099 
0.49380982352941177, 0.86405196078431368, 0.9073435490196079 
0.48765829411764705, 0.85882317647058826, 0.9051905294117647 
0.48150676470588233, 0.85359439215686272, 0.90303750980392161 
0.47535527450980392, 0.84805807843137249, 0.90073068627450981 
0.46920382352941176, 0.84221423529411765, 0.89827005882352939 
0.4630523725490196, 0.83637039215686271, 0.89580943137254898 
0.45690092156862744, 0.83052654901960787, 0.89334880392156868 
0.45074947058823528, 0.82468270588235293, 0.89088817647058827 
0.44459801960784312, 0.81883886274509798, 0.88842754901960785 
0.43844656862745102, 0.81299501960784315, 0.88596692156862744 
0.43229511764705886, 0.80715117647058832, 0.88350629411764714 
0.4261436666666667, 0.80130733333333337, 0.88104566666666673 
0.41999221568627454, 0.79546349019607843, 0.87858503921568631 
0.41384076470588238, 0.78961964705882359, 0.8761244117647059 
0.40768931372549028, 0.78377580392156865, 0.87366378431372549 
0.40153786274509806, 0.7779319607843137, 0.87120315686274508 
0.39653976470588237, 0.77231870588235296, 0.86943458823529418 
0.39192611764705881, 0.76678231372549022, 0.86789670588235301 
0.38731247058823531, 0.76124592156862747, 0.86635882352941174 
0.38269882352941176, 0.75570952941176472, 0.86482094117647057 
0.37808517647058826, 0.75017313725490198, 0.8632830588235294 
0.3734715294117647, 0.74463674509803923, 0.86174517647058824 
0.3688578823529412, 0.73910035294117649, 0.86020729411764707 
0.36424423529411765, 0.73356396078431374, 0.8586694117647059 
0.35963058823529409, 0.72802756862745099, 0.85713152941176474 
0.35501694117647059, 0.72249117647058825, 0.85559364705882346 
0.35040329411764709, 0.7169547843137255, 0.85405576470588229 
0.34578964705882353, 0.71141839215686276, 0.85251788235294113 
0.34117599999999998, 0.70588200000000001, 0.85097999999999996 
0.33656243137254899, 0.7006532941176471, 0.8494421960784313 
0.33194886274509805, 0.69542458823529418, 0.84790439215686275 
0.32733529411764706, 0.69019588235294116, 0.84636658823529409 
0.32272172549019607, 0.68496717647058825, 0.84482878431372543 
0.31810815686274507, 0.67973847058823533, 0.84329098039215689 
0.31349458823529414, 0.67450976470588242, 0.84175317647058823 
0.30888101960784314, 0.6692810588235294, 0.84021537254901957 
0.30426745098039215, 0.66405235294117648, 0.83867756862745102 
0.29965388235294116, 0.65882364705882357, 0.83713976470588236 
0.29504031372549022, 0.65359494117647066, 0.8356019607843137 
0.29042674509803923, 0.64836623529411763, 0.83406415686274515 
0.28581317647058824, 0.64313752941176472, 0.8325263529411765 
0.28127649019607848, 0.63798570588235293, 0.83098852941176471 
0.27697045098039219, 0.63306452941176472, 0.82945064705882354 
0.27266441176470596, 0.62814335294117651, 0.82791276470588238 
0.26835837254901962, 0.6232221764705882, 0.82637488235294121 
0.26405233333333333, 0.61830099999999999, 0.82483700000000004 
0.25974629411764705, 0.61337982352941178, 0.82329911764705888 
0.25544025490196076, 0.60845864705882347, 0.8217612352941176 
0.25113421568627453, 0.60353747058823526, 0.82022335294117643 
0.24682817647058825, 0.59861629411764705, 0.81868547058823526 
0.24252213725490196, 0.59369511764705885, 0.8171475882352941 
0.23821609803921573, 0.58877394117647064, 0.81560970588235293 
0.23391005882352939, 0.58385276470588232, 0.81407182352941176 
0.22960401960784313, 0.57893158823529411, 0.8125339411764706 
0.22529798039215684, 0.57354903921568623, 0.81084225490196071 
0.22099194117647059, 0.56770511764705878, 0.80899676470588233 
0.2166859019607843, 0.56186119607843132, 0.80715127450980384 
0.21237986274509804, 0.55601727450980387, 0.80530578431372546 
0.20807382352941176, 0.55017335294117642, 0.80346029411764708 
0.20376778431372555, 0.54432943137254908, 0.80161480392156859 
0.19946174509803921, 0.53848550980392151, 0.79976931372549021 
0.19515570588235293, 0.53264158823529406, 0.79792382352941171 
0.19084966666666667, 0.52679766666666661, 0.79607833333333333 
0.18654362745098041, 0.52095374509803916, 0.79423284313725495 
0.18223758823529412, 0.5151098235294117, 0.79238735294117646 
0.17793154901960784, 0.50926590196078436, 0.79054186274509808 
0.17362550980392158, 0.50342198039215691, 0.78869637254901959 
0.16955017647058829, 0.49803941176470595, 0.78708158823529417 
0.16555174509803922, 0.49281062745098037, 0.785543705882353 
0.1615533137254902, 0.48758184313725489, 0.78400582352941173 
0.15755488235294118, 0.48235305882352941, 0.78246794117647056 
0.15355645098039217, 0.47712427450980394, 0.78093005882352939 
0.14955801960784315, 0.47189549019607846, 0.77939217647058823 
0.14555958823529411, 0.46666670588235293, 0.77785429411764706 
0.14156115686274509, 0.46143792156862745, 0.77631641176470589 
0.13756272549019613, 0.45620913725490203, 0.77477852941176473 
0.13356429411764706, 0.4509803529411765, 0.77324064705882345 
0.12956586274509804, 0.44575156862745097, 0.77170276470588228 
0.12556743137254903, 0.44052278431372549, 0.77016488235294112 
0.121569, 0.43529400000000001, 0.76862699999999995 
0.1191083725490196, 0.42975768627450983, 0.76708919607843129 
0.11664774509803921, 0.42422137254901959, 0.76555139215686274 
0.11418711764705883, 0.41868505882352941, 0.76401358823529408 
0.11172649019607847, 0.41314874509803928, 0.76247578431372554 
0.10926586274509803, 0.40761243137254904, 0.76093798039215688 
0.10680523529411765, 0.40207611764705881, 0.75940017647058822 
0.10434460784313725, 0.39653980392156862, 0.75786237254901956 
0.10188398039215686, 0.39100349019607844, 0.75632456862745101 
0.099423352941176463, 0.3854671764705882, 0.75478676470588235 
0.096962725490196078, 0.37993086274509802, 0.75324896078431369 
0.094502098039215679, 0.37439454901960784, 0.75171115686274514 
0.092041470588235336, 0.36885823529411771, 0.75017335294117649 
0.090170372549019606, 0.36437279084967317, 0.74889184313725488 
0.090067862745098037, 0.36303995424836599, 0.74837921568627452 
0.089965352941176469, 0.36170711764705882, 0.74786658823529417 
0.0898628431372549, 0.36037428104575159, 0.74735396078431371 
0.089760333333333331, 0.35904144444444441, 0.74684133333333336 
0.089657823529411762, 0.35770860784313724, 0.74632870588235301 
0.089555313725490193, 0.35637577124183006, 0.74581607843137254 
0.089452803921568624, 0.35504293464052289, 0.74530345098039219 
0.089350294117647056, 0.35371009803921566, 0.74479082352941173 
0.089247784313725487, 0.35237726143790848, 0.74427819607843138 
0.089145274509803918, 0.35104442483660125, 0.74376556862745102 
0.089042764705882349, 0.34971158823529408, 0.74325294117647056 
