function cmap = BlueOrangeDiv()
cmap = [ 0.086274509803921595, 0.0039215686274509803, 0.29803921568627501 
0.089823299319352859, 0.0064564620263742123, 0.31781134536328598 
0.093372088834784109, 0.0089913554252974443, 0.33758347504029695 
0.096920878350215373, 0.011526248824220677, 0.35735560471730793 
0.10046966786564662, 0.014061142223143908, 0.3771277343943189 
0.10401845738107789, 0.016596035622067143, 0.39689986407132988 
0.10756724689650915, 0.019130929020990374, 0.41667199374834085 
0.1111160364119404, 0.021665822419913605, 0.43644412342535183 
0.11340168241333767, 0.024661032165175043, 0.45340494373553814 
0.11218083286206953, 0.02893408342513443, 0.46256154886161188 
0.1109599833108014, 0.033207134685093821, 0.47171815398768568 
0.10973913375953327, 0.037480185945053208, 0.48087475911375943 
0.10851828420826513, 0.041753237205012603, 0.49003136423983323 
0.10729743465699701, 0.04602628846497199, 0.49918796936590698 
0.10607658510572887, 0.050299339724931377, 0.50834457449198078 
0.093310212417851993, 0.048761838157394419, 0.51941769883941225 
0.078354748165907859, 0.046122625387451474, 0.53085420525365912 
0.063399283913963725, 0.043483412617508529, 0.5422907116679061 
0.048443819662019591, 0.040844199847565592, 0.55372721808215308 
0.038521432139711945, 0.044422664692938367, 0.56425533930144023 
0.036708532985001138, 0.058019292781872872, 0.57331983507499429 
0.034895633830290332, 0.071615920870807384, 0.58238433084854824 
0.033082734675579525, 0.085212548959741896, 0.5914488266221023 
0.03153129829389241, 0.098939051599624878, 0.60052932764630806 
0.0343354355690541, 0.11482906748563648, 0.60987645189684703 
0.03713957284421579, 0.13071908337164809, 0.61922357614738599 
0.039943710119377487, 0.14660909925765969, 0.62857070039792495 
0.042747847394539178, 0.1624991151436713, 0.63791782464846392 
0.044817150705219091, 0.17590495710566681, 0.64481540715914276 
0.046767936262570996, 0.18891013888239441, 0.65131791513907888 
0.0487187218199229, 0.20191532065912202, 0.65782042311901501 
0.050669507377274804, 0.21492050243584959, 0.66432293109895124 
0.052620292934626708, 0.2279256842125772, 0.67082543907888736 
0.054571078491978599, 0.24093086598930472, 0.67732794705882349 
0.054901999999999999, 0.25087316671449372, 0.68168837160560747 
0.054901999999999999, 0.26018975245027703, 0.68561119061364306 
0.054901999999999999, 0.2695063381860604, 0.68953400962167855 
0.054901999999999999, 0.27882292392184366, 0.69345682862971414 
0.054901999999999999, 0.28813950965762702, 0.69737964763774973 
0.054901999999999999, 0.29745609539341039, 0.70130246664578533 
0.054901999999999999, 0.3067726811291937, 0.70522528565382092 
0.054901999999999999, 0.31608926686497696, 0.7091481046618564 
0.054569855699292166, 0.32428980131803758, 0.71246108664876739 
0.054171027288259704, 0.33226626783825564, 0.71565163257668207 
0.053772198877227242, 0.34024273435847369, 0.71884217850459686 
0.053373370466194781, 0.34821920087869168, 0.72203272443251154 
0.052974542055162312, 0.35619566739890979, 0.72522327036042633 
0.05257571364412985, 0.36417213391912784, 0.72841381628834101 
0.052176885233097388, 0.37214860043934583, 0.7316043622162558 
0.051778056822064933, 0.38012506695956383, 0.73479490814417048 
0.051379228411032464, 0.38810153347978193, 0.73798545407208527 
0.050980400000000002, 0.39607799999999999, 0.74117599999999995 
0.049134956862745098, 0.40715078431372548, 0.74548203921568623 
0.047289513725490208, 0.41822356862745091, 0.74978807843137252 
0.045444070588235297, 0.42929635294117646, 0.7540941176470588 
0.043598627450980393, 0.44036913725490195, 0.75840015686274509 
0.041753184313725489, 0.45144192156862745, 0.76270619607843138 
0.039907741176470599, 0.46251470588235288, 0.76701223529411755 
0.038446758823529409, 0.47358739215686274, 0.77054935294117644 
0.037216452941176467, 0.48466001960784316, 0.77362511764705877 
0.035986147058823525, 0.49573264705882353, 0.7767008823529411 
0.034755841176470598, 0.50680527450980384, 0.77977664705882355 
0.033525535294117642, 0.51787790196078431, 0.78285241176470588 
0.0322952294117647, 0.52895052941176468, 0.78592817647058821 
0.031372499999999998, 0.54020188756581855, 0.78911909257084201 
0.031372499999999998, 0.55198943782909249, 0.79265546285421007 
0.031372499999999998, 0.56377698809236632, 0.79619183313757802 
0.031372499999999998, 0.57556453835564048, 0.79972820342094608 
0.031372499999999998, 0.58735208861891441, 0.80326457370431403 
0.031372499999999998, 0.59913963888218846, 0.8068009439876821 
0.031372499999999998, 0.6109271891454624, 0.81033731427105005 
0.030686504498252627, 0.62391801599284191, 0.81348001062057884 
0.029536055465076611, 0.63772352173731295, 0.81635616987425608 
0.028385606431900596, 0.65152902748178387, 0.8192323291279332 
0.027235157398724598, 0.66533453322625469, 0.82210848838161033 
0.026084708365548565, 0.67914003897072583, 0.82498464763528756 
0.024934259332372546, 0.69294554471519687, 0.82786080688896468 
0.023783810299196531, 0.7067510504596678, 0.83073696614264192 
0.026665552705750366, 0.72010848542668249, 0.83361301115083775 
0.030692146324308684, 0.73333870064723861, 0.83648902372156642 
0.034718739942867005, 0.74656891586779472, 0.83936503629229509 
0.038745333561425323, 0.75979913108835084, 0.84224104886302376 
0.042771927179983585, 0.77302934630890674, 0.84511706143375243 
0.046798520798541958, 0.78625956152946308, 0.8479930740044811 
0.050825114417100276, 0.7994897767500192, 0.85086908657520977 
0.0543243452656655, 0.80936307403051688, 0.85432397937398219 
0.057802422583076996, 0.81910171890044237, 0.85780209216786041 
0.061280499900488491, 0.82884036377036796, 0.86128020496173863 
0.064758577217899987, 0.83857900864029344, 0.86475831775561685 
0.068236654535311483, 0.84831765351021904, 0.86823643054949495 
0.082455993738379557, 0.85780841031456811, 0.87010360857440328 
0.11909686111324025, 0.8667817205372278, 0.86860808865098116 
0.15573772848810041, 0.87575503075988737, 0.86711256872755915 
0.19237859586296055, 0.88472834098254693, 0.86561704880413703 
0.22901946323782069, 0.89370165120520639, 0.86412152888071492 
0.26553302715502125, 0.90264099604988157, 0.86294900748506587 
0.30057390134620043, 0.91118741784189505, 0.86551304299145471 
0.33561477553737962, 0.91973383963390853, 0.86807707849784355 
0.3706556497285583, 0.92828026142592179, 0.87064111400423227 
0.40569652391973798, 0.93682668321793539, 0.87320514951062123 
0.43386584145924617, 0.94280816937012524, 0.87178976396010066 
0.4549143991909399, 0.94613170019435522, 0.86625064008406993 
0.47596295692263368, 0.9494552310185852, 0.86071151620803921 
0.49701151465432741, 0.95277876184281518, 0.85517239233200837 
0.51806007238602114, 0.95610229266704516, 0.84963326845597764 
0.53910863011771493, 0.95942582349127514, 0.84409414457994691 
0.56015718784940838, 0.96274935431550512, 0.8385550207039163 
0.58006685842923267, 0.96607285166410828, 0.83597742583205414 
0.59834625403857589, 0.96939630109358566, 0.83763915054679283 
0.61662564964791899, 0.97271975052306292, 0.83930087526153152 
0.63490504525726221, 0.9760431999525403, 0.84096259997627021 
0.65318444086660543, 0.97936664938201767, 0.8426243246910089 
0.67352015427740419, 0.98039200000000004, 0.84640290459329559 
0.6947733420448079, 0.98039200000000004, 0.85112596902508764 
0.71602652981221127, 0.98039200000000004, 0.85584903345687968 
0.73727971757961519, 0.98039200000000004, 0.86057209788867173 
0.75853290534701889, 0.98039200000000004, 0.86529516232046388 
0.77828852745769239, 0.98039200000000004, 0.87091158041900441 
0.79743111525366339, 0.98039200000000004, 0.8768936963087709 
0.81657370304963439, 0.98039200000000004, 0.8828758121985375 
0.83539909466089479, 0.98138553201332723, 0.89124249862091298 
0.85380704940791496, 0.98368657309566698, 0.90274733012091402 
0.87221500415493491, 0.98598761417800673, 0.91425216162091483 
0.89040416437988268, 0.98823529151651845, 0.92559424208733632 
0.89937725400949331, 0.98823517935056127, 0.93008091776242496 
