function cmap = Blue1()
cmap = [ 0.011764999999999999, 0.015685999999999999, 0.101961 
0.013918019607843137, 0.018146588235294116, 0.10580566666666666 
0.016071039215686273, 0.020607176470588233, 0.10965033333333334 
0.018224058823529413, 0.02306776470588235, 0.113495 
0.020377078431372549, 0.025528352941176467, 0.11733966666666666 
0.022530098039215685, 0.027988941176470584, 0.12118433333333334 
0.024683117647058824, 0.030449529411764702, 0.125029 
0.026836137254901964, 0.032910117647058826, 0.12887366666666666 
0.0289891568627451, 0.035370705882352943, 0.13271833333333333 
0.031142176470588236, 0.03783129411764706, 0.13656299999999999 
0.033295196078431372, 0.040291882352941177, 0.14040766666666665 
0.035448215686274515, 0.042752470588235295, 0.14425233333333334 
0.037601235294117651, 0.045213058823529412, 0.14809700000000001 
0.039754254901960787, 0.047673647058823522, 0.15194166666666667 
0.04190727450980393, 0.050134235294117646, 0.15578633333333333 
0.044060294117647059, 0.052594823529411763, 0.15963100000000002 
0.046213313725490195, 0.05505541176470588, 0.16347566666666669 
0.048366333333333331, 0.057515999999999991, 0.16732033333333335 
0.050519352941176474, 0.059976588235294115, 0.17116500000000001 
0.05267237254901961, 0.062437176470588232, 0.17500966666666667 
0.054825392156862746, 0.064897764705882349, 0.17885433333333334 
0.056978411764705882, 0.067358352941176453, 0.182699 
0.059131431372549025, 0.069818941176470584, 0.18654366666666666 
0.061284450980392161, 0.072279529411764701, 0.19038833333333333 
0.063437470588235303, 0.074740117647058818, 0.19423299999999999 
0.065590490196078433, 0.077200705882352935, 0.19807766666666668 
0.067666607843137258, 0.080199549019607838, 0.20238370588235297 
0.069665823529411766, 0.083736647058823527, 0.20715111764705885 
0.071665039215686274, 0.087273745098039215, 0.21191852941176473 
0.073664254901960782, 0.090810843137254904, 0.21668594117647061 
0.075663470588235304, 0.094347941176470593, 0.22145335294117649 
0.077662686274509812, 0.097885039215686281, 0.22622076470588237 
0.07966190196078432, 0.10142213725490196, 0.23098817647058822 
0.081661117647058815, 0.10495923529411763, 0.23575558823529408 
0.083660333333333337, 0.10849633333333333, 0.24052299999999999 
0.085659549019607845, 0.11203343137254902, 0.2452904117647059 
0.087658764705882353, 0.11557052941176471, 0.25005782352941175 
0.089657980392156847, 0.11910762745098036, 0.2548252352941176 
0.091657196078431369, 0.12264472549019607, 0.25959264705882351 
0.093656411764705877, 0.12618182352941176, 0.26436005882352942 
0.095655627450980399, 0.12971892156862747, 0.26912747058823527 
0.097654843137254893, 0.13325601960784311, 0.27389488235294113 
0.099654058823529415, 0.13679311764705882, 0.27866229411764709 
0.10165327450980392, 0.14033021568627452, 0.28342970588235294 
0.10365249019607843, 0.14386731372549019, 0.2881971176470588 
0.10565170588235293, 0.14740441176470587, 0.29296452941176465 
0.10765092156862746, 0.15094150980392157, 0.29773194117647062 
0.10965013725490197, 0.15447860784313727, 0.30249935294117647 
0.11164935294117648, 0.15801570588235292, 0.30726676470588232 
0.11364856862745096, 0.16155280392156862, 0.31203417647058818 
0.11564778431372549, 0.16508990196078432, 0.31680158823529414 
0.117647, 0.168627, 0.32156899999999999 
0.11949245098039216, 0.17124139215686274, 0.32464472549019607 
0.1213379019607843, 0.17385578431372548, 0.32772045098039215 
0.12318335294117647, 0.17647017647058824, 0.33079617647058823 
0.12502880392156862, 0.17908456862745098, 0.33387190196078431 
0.12687425490196078, 0.18169896078431372, 0.33694762745098039 
0.12871970588235293, 0.18431335294117646, 0.34002335294117647 
0.13056515686274509, 0.18692774509803922, 0.34309907843137255 
0.13241060784313724, 0.18954213725490196, 0.34617480392156863 
0.13425605882352942, 0.1921565294117647, 0.34925052941176471 
0.13610150980392155, 0.19477092156862744, 0.35232625490196079 
0.13794696078431373, 0.1973853137254902, 0.35540198039215687 
0.13979241176470589, 0.19999970588235294, 0.35847770588235295 
0.14163786274509804, 0.20261409803921568, 0.36155343137254903 
0.1434833137254902, 0.20522849019607844, 0.36462915686274511 
0.14532876470588232, 0.20784288235294113, 0.36770488235294113 
0.14717421568627451, 0.21045727450980392, 0.37078060784313727 
0.14901966666666666, 0.21307166666666666, 0.37385633333333335 
0.15086511764705882, 0.21568605882352943, 0.37693205882352943 
0.15271056862745097, 0.21830045098039216, 0.38000778431372551 
0.15455601960784313, 0.2209148431372549, 0.38308350980392158 
0.15640147058823528, 0.22352923529411764, 0.38615923529411766 
0.15824692156862744, 0.22614362745098041, 0.38923496078431374 
0.16009237254901959, 0.22875801960784309, 0.39231068627450977 
0.16193782352941177, 0.23137241176470588, 0.3953864117647059 
0.1637832745098039, 0.23398680392156862, 0.39846213725490198 
0.16609007843137255, 0.23721633333333333, 0.40199923529411768 
0.16885823529411764, 0.241061, 0.40599770588235295 
0.17162639215686273, 0.24490566666666666, 0.40999617647058828 
0.17439454901960783, 0.24875033333333332, 0.41399464705882355 
0.17716270588235294, 0.25259500000000001, 0.41799311764705882 
0.17993086274509801, 0.25643966666666662, 0.42199158823529409 
0.18269901960784313, 0.26028433333333334, 0.42599005882352942 
0.18546717647058822, 0.264129, 0.42998852941176474 
0.18823533333333334, 0.26797366666666667, 0.43398700000000001 
0.19100349019607843, 0.27181833333333333, 0.43798547058823528 
0.19377164705882352, 0.27566299999999999, 0.44198394117647061 
0.19653980392156861, 0.27950766666666665, 0.44598241176470588 
0.19930796078431373, 0.28335233333333332, 0.4499808823529412 
0.20207611764705879, 0.28719699999999992, 0.45397935294117642 
0.20484427450980391, 0.29104166666666664, 0.45797782352941174 
0.20761243137254901, 0.29488633333333331, 0.46197629411764707 
0.21038058823529412, 0.29873099999999997, 0.46597476470588234 
0.21314874509803922, 0.30257566666666669, 0.46997323529411766 
0.21591690196078431, 0.30642033333333329, 0.47397170588235293 
0.2186850588235294, 0.31026500000000001, 0.47797017647058826 
0.22145321568627452, 0.31410966666666668, 0.48196864705882353 
0.22422137254901958, 0.31795433333333328, 0.48596711764705874 
0.2269895294117647, 0.321799, 0.48996558823529412 
0.22975768627450982, 0.32564366666666666, 0.49396405882352939 
0.23252584313725491, 0.32948833333333333, 0.49796252941176472 
0.235294, 0.33333299999999999, 0.50196099999999999 
0.23744701960784315, 0.33656252941176468, 0.50503672549019607 
0.23960003921568629, 0.33979205882352942, 0.50811245098039215 
0.2417530588235294, 0.34302158823529411, 0.51118817647058823 
0.24390607843137252, 0.34625111764705879, 0.51426390196078431 
0.24605909803921569, 0.34948064705882353, 0.51733962745098039 
0.24821211764705883, 0.35271017647058822, 0.52041535294117647 
0.25036513725490195, 0.35593970588235291, 0.52349107843137255 
0.25251815686274509, 0.35916923529411765, 0.52656680392156863 
0.25467117647058823, 0.36239876470588234, 0.52964252941176471 
0.25682419607843138, 0.36562829411764708, 0.53271825490196079 
0.25897721568627452, 0.36885782352941177, 0.53579398039215687 
0.26113023529411761, 0.3720873529411764, 0.53886970588235295 
0.26328325490196081, 0.37531688235294114, 0.54194543137254902 
0.26543627450980395, 0.37854641176470588, 0.5450211568627451 
0.26758929411764709, 0.38177594117647057, 0.54809688235294118 
0.26974231372549018, 0.38500547058823531, 0.55117260784313726 
0.27189533333333332, 0.388235, 0.55424833333333334 
0.27404835294117647, 0.39146452941176468, 0.55732405882352942 
0.27620137254901961, 0.39469405882352943, 0.5603997843137255 
0.27835439215686275, 0.39792358823529406, 0.56347550980392158 
0.28050741176470589, 0.4011531176470588, 0.56655123529411766 
0.28266043137254904, 0.40438264705882354, 0.56962696078431374 
0.28481345098039218, 0.40761217647058823, 0.57270268627450982 
0.28696647058823532, 0.41084170588235291, 0.5757784117647059 
